1024 1024 1024 -0.74453986035590838012 -0.12172377389442482241 4.6415888336127788924100763509194
1024 1024 1024 -0.74453986035590838012 -0.12172377389442482241 2.1544346900318837217592935665194
1024 1024 1024 -0.74453986035590838012 -0.12172377389442482241 1.0
1024 1024 1024 -0.74453986035590838012 -0.12172377389442482241 0.46415888336127788924100763509194
1024 1024 1024 -0.74453986035590838012 -0.12172377389442482241 0.21544346900318837217592935665194
1024 1024 1024 -0.74453986035590838012 -0.12172377389442482241 0.1
1024 1024 1024 -0.74453986035590838012 -0.12172377389442482241 0.046415888336127788924100763509194
1024 1024 1024 -0.74453986035590838012 -0.12172377389442482241 0.021544346900318837217592935665194
1024 1024 1024 -0.74453986035590838012 -0.12172377389442482241 0.01
1024 1024 2048 -0.74453986035590838012 -0.12172377389442482241 0.0046415888336127788924100763509194
1024 1024 2048 -0.74453986035590838012 -0.12172377389442482241 0.0021544346900318837217592935665194
1024 1024 2048 -0.74453986035590838012 -0.12172377389442482241 0.001
1024 1024 2048 -0.74453986035590838012 -0.12172377389442482241 0.00046415888336127788924100763509194
1024 1024 2048 -0.74453986035590838012 -0.12172377389442482241 0.00021544346900318837217592935665194
1024 1024 2048 -0.74453986035590838012 -0.12172377389442482241 0.0001
1024 1024 2048 -0.74453986035590838012 -0.12172377389442482241 0.000046415888336127788924100763509194
1024 1024 2048 -0.74453986035590838012 -0.12172377389442482241 0.000021544346900318837217592935665194
1024 1024 2048 -0.74453986035590838012 -0.12172377389442482241 0.00001
1024 1024 4096 -0.74453986035590838012 -0.12172377389442482241 0.0000046415888336127788924100763509194
1024 1024 4096 -0.74453986035590838012 -0.12172377389442482241 0.0000021544346900318837217592935665194
1024 1024 4096 -0.74453986035590838012 -0.12172377389442482241 0.000001
1024 1024 4096 -0.74453986035590838012 -0.12172377389442482241 0.00000046415888336127788924100763509194
1024 1024 4096 -0.74453986035590838012 -0.12172377389442482241 0.00000021544346900318837217592935665194
1024 1024 4096 -0.74453986035590838012 -0.12172377389442482241 0.0000001
1024 1024 4096 -0.74453986035590838012 -0.12172377389442482241 0.000000046415888336127788924100763509194
1024 1024 4096 -0.74453986035590838012 -0.12172377389442482241 0.000000021544346900318837217592935665194
1024 1024 4096 -0.74453986035590838012 -0.12172377389442482241 0.00000001
1024 1024 4096 -0.74453986035590838012 -0.12172377389442482241 0.0000000046415888336127788924100763509194
1024 1024 4096 -0.74453986035590838012 -0.12172377389442482241 0.0000000021544346900318837217592935665194
1024 1024 4096 -0.74453986035590838012 -0.12172377389442482241 0.000000001
1024 1024 8192 -0.74453986035590838012 -0.12172377389442482241 0.00000000046415888336127788924100763509194
1024 1024 8192 -0.74453986035590838012 -0.12172377389442482241 0.00000000021544346900318837217592935665194
1024 1024 8192 -0.74453986035590838012 -0.12172377389442482241 0.0000000001
1024 1024 8192 -0.74453986035590838012 -0.12172377389442482241 0.000000000046415888336127788924100763509194
1024 1024 8192 -0.74453986035590838012 -0.12172377389442482241 0.000000000021544346900318837217592935665194
1024 1024 8192 -0.74453986035590838012 -0.12172377389442482241 0.00000000001
1024 1024 8192 -0.74453986035590838012 -0.12172377389442482241 0.0000000000046415888336127788924100763509194
1024 1024 8192 -0.74453986035590838012 -0.12172377389442482241 0.0000000000021544346900318837217592935665194
1024 1024 8192 -0.74453986035590838012 -0.12172377389442482241 0.000000000001
0 0 0 0 0 0

1024 1024 1024 -0.74453986035590838012 0.12172377389442482241 4.6415888336127788924100763509194
0 0 0 0 0 0

